1418863596042338306
1418864899850215432
1418994940730920968
1419028193089134595
1419037905352286210
1419037934368563204
1419037952005509123
1419039280899497987
1419040213939130375
1419040561118515201
1419040828933214214
1419040843017572353
1419040971707359243
1419041591784878080
1419041668989341710
1419041749155123207
1419041967883923465
1419042084632375302
1419044325422424067
1419045220189184005
1419045327865327620
1419046418921185280
1419048976955944966
1419049152151961600
1419049261854040066
1419049302391918599
1419059158238834690
1419061585985875969
1419062203953598464
1419062663594795008
1419062761397669889
1419062864430645251
1419079883205001216
1419080128328617984
1419080381400289281
1419080781532737539
1419081123137740802
1419083400074469379
1419084962217742336
1419085394973450243
1419085820095512577
1419085882934665217
1419087303683854338
1419088085745377283
1419089259777175555
1419089722559893504
1419090488150433794
1419214447042875393
1419216686926946306
1419217568179572739
1419219266340065280
1419219643823267842
1419220292782673921
1419220339607867396
1419220446365601793
1419222290995322880
1419223948168941570
1419225033747148802
1419225386592972800
1419226270865440775
1419227553995313153
1419228076488151040
1419228620581744644
1419230651019153410
1419231204809785349
1419231602937368582
1419231603088367618
1419232067569729537
1419233366130503682
1419233662898511875
1419234343084494850
1419235937364676610
1419236360238637057
1419236547086389252
1419237203218210817
1419238115131146245
1419238191077498881
1419238569407877122
1419239050884653060
1419239793720971264
1419241395706081280
1419242108028870656
1419247306596028416
1419247466243891202
1419249864987250693
1419250359764140039
1419252211268427778
1419252718309421059
1419253083721412609
1419253404954726402
1419253408729649152
1419254171639980032
1419254499764490242
1419254535089016833
1419259217706426371
1419260567441788931
1419261642643320833
1419262149008969730
1419265413981032451
1419265440522571779
1419266059425746944
1419266468663939074
1419266699354943489
1419266970898284547
1419266985280614402
1419267258057175040
1419267271915188224
1419267437179121667
1419267701021855751
1419268029326692354
1419268030983458817
1419268032594071552
1419268034192150538
